"","DC","CD8","Treg","B","M1","M2","Endo","CAF","NK","Tumor"
"TCGA-3N-A9WB-06",0.00238498306238214,0.000476323497678437,0.0108919109655609,0.00374253354112422,0.0145427984959003,0.00061684801474041,0.00716542552337754,0.0177844131467682,6.11060923757887e-10,0.942394763141407
"TCGA-3N-A9WC-06",0.0627159754761746,0.0807858942705007,0.020231550161365,0.0140745251704481,0.0559913205574828,0.0229818214630873,0.00471881193925137,0.0194074440737629,0.0006783485792678,0.718414308308659
"TCGA-3N-A9WD-06",0.0124954415743524,0.0166497814435498,0,0.0211906281029877,0.0216980463188282,0.0147559648148046,0.0124430882281856,0.00715389134141189,0.000635180485965324,0.892977977689915
"TCGA-BF-A1PU-01",0.000942248972777828,0,0,0,0.0230684703463021,0,0.0251843271959056,0.0386878850142422,4.68007505509465e-09,0.912117063790697
"TCGA-BF-A1PV-01",0.00316402028270579,0,0.0130245723717292,0.00312912104455581,0.0108690553056967,0,0.0200078530416589,0.0244889970667183,9.37140165669627e-10,0.925316379949795
"TCGA-BF-A1PX-01",0.0335599256418251,0.0961925687287881,0.0130993716085303,0.0075564894646502,0.0401230947822252,0.0409290963177152,0.0469095045552929,0.0808570558211165,0.00963517005358122,0.631137723026275
"TCGA-BF-A1PZ-01",0.00403616868201089,0.00772275798228416,0.00783626472634139,0.00335075977195374,0.00829020239595532,0.00118236536861935,1.76890130286674e-06,0.0132845147874204,0.000408375207300293,0.953886822176812
"TCGA-BF-A1Q0-01",0.0244067602898802,0.00705296264456956,0.0133119102789016,0,0.0223621511833131,0,0.010408735935662,0.0138440474982768,0.000766962979645964,0.907846469189751
"TCGA-BF-A3DJ-01",0.0350129343422048,0.00623173938849764,0.0264046372838347,0.0025549595681483,0.108896614503838,0.0279240754536926,0.0105553767392161,0.00615583624813963,0.00102854194841985,0.775235284524008
"TCGA-BF-A3DL-01",0.00218013820737925,0.00101520546030546,0.0200197294791191,0.00493235410771605,0.0221829018994168,0.00241134849086761,0.0219129941916735,0.0556223459836269,4.20655053988994e-05,0.869680916674496
"TCGA-BF-A3DM-01",0.0127537052938864,0,0.0252826805337512,0,0.0515947236041275,0,0.013189921847428,0.00962830412793215,2.41081284089747e-08,0.887550640484746
"TCGA-BF-A3DN-01",0.0114657766529064,0,0.0304608256001437,0.0115790758149474,0.0583550664171899,0,0.0316672067706978,0.0438275151831519,1.29070367858381e-07,0.812644404490595
"TCGA-BF-A5EO-01",0.0190265988076783,0.0102246338138136,0,0.011089226666726,0.0378470611326552,0.012146644647753,0.00915915597786628,0.0173925069158908,0.000606348788344346,0.882507823249273
"TCGA-BF-A5EP-01",0.000845601779077665,0.000256059093670869,0.00878394355999731,0.0068904635205159,0.00570945869510631,0,0.00580904948097522,0.0254210482828693,3.5046025524331e-08,0.946284340541762
"TCGA-BF-A5EQ-01",0.0265711375242261,0.0330022123780977,0.0263408631592949,0.0172698174455421,0.0491494221352588,0.0235567582646978,0.0280820867904507,0.076780174276742,5.28602233507569e-09,0.719247522739668
"TCGA-BF-A5ER-01",0.00400311572168907,0.00191761054329463,0,0.0140886578313829,0.0634627586592636,0.00914443224517556,0.0177263290363309,0.0428667485877771,3.95447102068882e-08,0.846790307830376
"TCGA-BF-A5ES-01",0.0159501604092823,0.00765152706630417,0.0115166031860281,0.00146201358637476,0.0411892819844157,0.0718716704310803,0.00829228711582349,0.0552914951416236,0.000108425471183474,0.786666535607884
"TCGA-BF-A9VF-01",0.000643485349876212,0.00146376385697169,0.00918684273199984,0.00565365287050926,0.0250148489313604,0,0.00549007324316502,0.00616603629658315,4.26647708286755e-09,0.946381292453057
"TCGA-BF-AAOU-01",0.0105977042675832,0.00616710913226483,0,0.00966729161105864,0.038615187720531,0.000534236114660814,0.00131817619289971,0.0216712296700454,0.000144673152040915,0.911284392138916
"TCGA-BF-AAOX-01",0.0035238212539569,0.00248038822522093,0.00619637091239605,0.0108576749937858,0.000428053608153047,0.00166736382334291,6.8822899644776e-06,0.0206806481210202,4.93175565392377e-05,0.954109479215621
"TCGA-BF-AAP0-06",0.0331310448767829,0.104668059541642,0.0326108018057131,0.06465904051499,0.0721312920011241,0.0267739541903909,0.00159520234983083,0.0494326183023643,0.000108106275871024,0.614889880141291
"TCGA-BF-AAP1-01",0.00767595612307106,0,0,0.00385832870330827,0.015570909519684,0,0.0149400454209657,0.0128819031181096,1.2434899275947e-08,0.945072844679962
"TCGA-BF-AAP2-01",0.0198552441634512,0.0109088610137855,0.0178751980975,0.0140839581689518,0.024475795193461,0.00708616334543054,0.00791003136946987,0.00917082482766923,0.000762519357032978,0.887871404463248
"TCGA-BF-AAP4-01",0.0196847622490971,0.0431270002222949,0.0119988256849208,0.0140780633033446,0.0257935068278352,0.0141353069451773,0.012795614634104,0.0362587765787012,0.00465799092163119,0.817470152632894
"TCGA-BF-AAP6-01",0.023059096815387,0.00088120409894217,0.0148616082690552,0.0175537220979458,0.021530684985237,0.0054729823482068,0.00965679381323773,0.0519940433248273,8.19908001003567e-10,0.854989863427253
"TCGA-BF-AAP7-01",0.0333559443810765,0.0670128901642972,0,0.00523133677199723,0.0414833413919737,0.041470634978256,0.0256592177621755,0.0368529369576337,0.00991037532425153,0.739023322268339
"TCGA-BF-AAP8-01",0.00902018597839976,0.00974539931053186,0,0.00298147841121948,0,0.0808656969121346,0.00736972935448893,0.00758445174646875,5.77296848466997e-08,0.882433000557072
"TCGA-D3-A1Q1-06",0.00275231439246999,0,0,0.00791645631833287,0.00134889924818618,0,0.0109130723366274,0.00939881157149865,3.68996931265693e-08,0.967670409233192
"TCGA-D3-A1Q3-06",0.0359450577712626,0.0307381707061744,0.0240741937709217,0.0278985940548709,0,0.0308668958966523,0.0219383239352131,0.0216815394759527,3.70704379987323e-09,0.806857220681909
"TCGA-D3-A1Q4-06",0.0118168685311708,0,0,0.0146196711078269,0.0137983249289158,0.0021128344403535,0.0856933305434579,0.21560466317048,2.1240066800563e-05,0.656333067210995
"TCGA-D3-A1Q5-06",0.00779270194986792,0.00189527663316643,0.0679810440275963,0.0112396587135278,0.00296568454243671,0,0.0204782726928907,0.0546884161698529,1.10823876616342e-08,0.832958934188274
"TCGA-D3-A1Q6-06",0.0094999757702566,0.00265128079973078,0.0394862982056961,0.00376779363576195,0.070727387226345,0,0.00841397165870657,0.00732054081550228,3.11358803362104e-11,0.858132751856865
"TCGA-D3-A1Q7-06",0.0540830764181644,0.157776655460646,0.0283885500960839,0.0201639741164453,0.0816790486113061,0.0429087642994781,0.0566623406447198,0.0516682307634316,0.00169489959573709,0.504974459993987
"TCGA-D3-A1Q8-06",0.027730432504517,0.00263666761831787,0.0400337899558308,0.0229761791093051,0.054773487997688,0.0479755135720873,0.0458562792625822,0.149545924305071,1.73721256742125e-07,0.608471551953344
"TCGA-D3-A1Q9-06",0.00910722062993771,0.0255908374976596,0.0153098943452626,0.00397987305286122,0.0307187831925825,0.031969248829074,0.0171476246871097,0.0233398129526192,2.84056639144277e-08,0.842836676407229
"TCGA-D3-A1QA-06",0.0262545655433334,0.00544401475504069,0.00949608926155241,0.00853148209991376,0.016644518688522,0.0118840940152059,0.00984523631320878,0.0124333677396441,0.000308470477031612,0.899158161106547
"TCGA-D3-A1QB-06",0.0349593101078332,0.17892019052853,0.00796413926556138,0.0179813994299988,0.0740680452056057,0.0312451409053228,9.98791771787575e-06,0.00604991682929032,0.00364446272814503,0.645157407081995
"TCGA-D3-A2J6-06",0.0307048903150852,0.0546408563697051,0.00580603624918504,0,0.0691994052963648,0.0116381322064203,0.0042722189832731,0.0378925161018007,1.47817376834954e-08,0.785845929696428
"TCGA-D3-A2J7-06",0.0115320641401102,0.0340460672055694,0.0331073721719037,0.01152010719287,0.078702117705702,0.0180339340708462,0.0247207560970856,0.0550687757228295,3.94106005429258e-09,0.733268801752023
"TCGA-D3-A2J8-06",0.0660934375717911,0.072605496231583,0,0.0132636564682914,0.0517083384698809,0.0247398611997809,0.0353768551265942,0.0281147045683125,0.00834435243581166,0.699753297927954
"TCGA-D3-A2J9-06",0.0559152251888894,0.256301784316866,0.024117423807971,0.0638943176049336,0.0775246959838038,0.0293949018543916,0.0249231884100325,0.0173613888338048,0.00140029760525845,0.449166776394049
"TCGA-D3-A2JA-06",0.0141907900163302,0.0171753519532965,0.0357931840813785,0.0123562878050097,0.0244509597224789,0.0756543158221041,0.0263866732163358,0.191648411238404,0.000954095377947475,0.601389930766715
"TCGA-D3-A2JB-06",0.0339996852319938,0.0429601670224269,0,0.182257228071365,0.0363706076085274,0.0311738659877128,0.0320857879964396,0.00807597914629697,0.00161285035123908,0.631463828583999
"TCGA-D3-A2JC-06",0.0171147045708495,0.0371214293065222,0.0398115198729096,0,0.181476635173327,0.0165183664905837,0.00834549501846369,0.0132418903432886,8.27242713047396e-08,0.686369876499784
"TCGA-D3-A2JD-06",0.0297456458389471,0.0117640983159032,0.0388396718055392,0.0912148214930518,0.0168631559085597,0.0132964208192424,0.037008038392446,0.0468228772209873,0.000370015640332989,0.71407525456499
"TCGA-D3-A2JE-06",0.0105716109501399,0,0.00958856232448794,0.0113176033043331,0,0,0.00773942333922351,0.00811582199412281,1.76141088041507e-10,0.952666977911552
"TCGA-D3-A2JF-06",0.0324957280662674,0.0340343700534192,0.0321415914229807,0.0337677494566796,0.0456040511181478,0.00952934309885958,0.0103007741573132,0.005649970552079,0.00228678650589852,0.794189635568355
"TCGA-D3-A2JG-06",0.0171213035840323,0.00275951844160123,0.00911244565158016,0.00302068385462278,0.0270789582894367,0.00623323134501672,0.00290515613529491,0.0136318499829492,1.27213404081624e-07,0.918136725502062
"TCGA-D3-A2JH-06",0.0288506040806315,0.221935865477996,0.00675366712873249,0.0173903957896076,0.0425905741018952,0.0172578438680853,0.0129904787320164,0.0126164276919967,0.00386624347566815,0.635747899653371
"TCGA-D3-A2JK-06",0.0248597503895459,0,0,0.00789598697478595,0.017927279684619,0.0373129390272903,0.0233054006525191,0.0288001854893043,4.60856518727813e-05,0.859852372130063
"TCGA-D3-A2JL-06",0.0185774504714781,0.072894743162516,0.012121900760425,0.00967102109529266,0.0438852792728136,0.0206672183447044,0.0111522715437874,0.00462673103381341,0.000162226590875989,0.806241157724294
"TCGA-D3-A2JN-06",0.0183550518561589,0.0397549204874416,0.0119187644085571,0.0179943628283465,0.0266254188292991,0.0282267386572738,0.0181257021360692,0.0249485209721359,0.0020194433363833,0.812031076488335
"TCGA-D3-A2JO-06",0.035797092540376,0.0687786429681716,0.037335957662671,0.0602000256251044,0.0579739775284614,0.0238445972291289,0.00982527132271256,0.0283042422947978,0.00963848287047191,0.668301709958104
"TCGA-D3-A2JP-06",0.0095708530514586,0.0363076424003451,0.0180076139684879,0.0163057871355012,0.0519298863504507,0.0212934574795915,0.00879201844584914,0.0192737723526396,0.000961807630373302,0.817557161185303
"TCGA-D3-A3BZ-06",0.0312467337838689,0.0529425728763265,0,0.0254983198176205,0.0511679001060717,0.0413663267260723,0.105144801266,0.21243059652533,0.00210561798147,0.478097130917239
"TCGA-D3-A3C1-06",0.0215595358167389,0.00408471007667469,0.00520030498114042,0.00561906323592505,0.104560525463453,0,0.0164052105197833,0.0109835644275677,3.18038042036418e-09,0.831587082298337
"TCGA-D3-A3C3-06",0.0155915543962942,0.0224283412172849,0,0.00919400206419525,0.0216933756479795,0.0137107887893049,0.00333449619154635,0.0029487747933884,0.000392484327187171,0.910706182572819
"TCGA-D3-A3C6-06",0.00357048300924557,0,0,0.00336474744770643,0.0414775311273705,0.00854421407794353,0.0202158725154895,0.0413724220651909,1.09013599643391e-08,0.881454718855694
"TCGA-D3-A3C7-06",0.0349156492824214,0.0303153332192495,0.0549059858024368,0.0103974719965606,0.0464361515955389,0.0201444404519571,0.0118910603481641,0.0132003368991806,0.000127187795042938,0.777666382609448
"TCGA-D3-A3C8-06",0.0223304292252849,0.359945796504051,0,0.00216625668247331,0.0688798701294724,0.0342738958978797,0.00415123611640644,0.0348805825280427,0.000327123437162155,0.473044809479228
"TCGA-D3-A3CB-06",0.076546505883046,0.158776134390412,0.0296089031860218,0.0569250666636948,0.0617941520571848,0.0737394648166707,0.0162071369812133,0.0124846497338543,2.53440254061519e-08,0.513917960943877
"TCGA-D3-A3CC-06",0.00679055231335348,0.000401145625617322,0.00630280880403886,0.010676108586932,0.0102077202773618,0.0726571674521553,0.0139468902794883,0.0663465399587632,8.42522419578707e-09,0.812671058277066
"TCGA-D3-A3CE-06",0.0307348823215868,0.0819999462334911,0.0213089722016446,0.0276158838819447,0.0628207625896192,0.027982195112703,0.0236342093585237,0.0175818849286773,2.92118414056326e-09,0.706321260450626
"TCGA-D3-A3CF-06",0.0421141949685743,0.0229198861608819,0.041611386096554,0.0705311402121864,0.0206222656254606,0.0468184230548324,0.0240354797186895,0.0203100823748126,4.13566219796596e-09,0.711037137652346
"TCGA-D3-A3ML-06",0.0006027382487051,0,0.00893871995240387,0.00307512834798164,0.00196731352748443,0,0.0115045010611781,0.0050128884796876,1.71538047797242e-09,0.968898708667179
"TCGA-D3-A3MO-06",0.0104451228688688,0,0.0197922115629795,0.00872025910986129,0.0234541815208256,0.0139172632866449,0.0210775228737521,0.0396246931239181,6.56481097338521e-09,0.862968739088339
"TCGA-D3-A3MR-06",0.0153267601029762,0.0959807157594816,0.0243272893474434,0.0303308980585938,0.0796773329146187,0.019295728921291,0.0171634098293548,0.0264756010996912,0.00162966389983325,0.689792600066716
"TCGA-D3-A3MU-06",0.0131487023194673,0.00767988241034928,0.013193575873364,0.0155774149110721,0.0438480355479999,0.0150842242177895,0.0176093030414362,0.122123859657929,7.48938302114775e-05,0.751660108190381
"TCGA-D3-A3MV-06",0.00212950996189246,0.00108370503090312,0.0144431565015928,0.0212545939150718,0.0333582473557893,0,0.0210547264490848,0.0250136524831275,4.86373095495264e-09,0.881662403438807
"TCGA-D3-A51E-06",0.00631672601216408,0.0403239373760295,0.0266831952644925,0.00649449068744721,0.0957245457654538,0.00892164748939001,0.0067652734749811,0.00867649263210772,9.90062461583259e-09,0.80009368139731
"TCGA-D3-A51F-06",0.0286081511588448,0.329231716527904,0.00361782839648021,0.00946614571630578,0.108004395537873,0.0543288320580235,0.00514373076890535,0.0976170920697775,1.76234700994407e-07,0.363981931531186
"TCGA-D3-A51G-06",0.0235597977829792,0.0276718018140967,0,0.010403745683585,0.0352074763938115,0,0.0146399303286976,0.0609956307912597,4.79039753535333e-09,0.827521612415173
"TCGA-D3-A51H-06",0.0439153545729422,0.013302482210356,0.037993140069178,0.42318369537154,0.0289308721179342,0.0254675580135761,0.018704873761545,0.00873446257042696,0.00321662459534867,0.396550936717153
"TCGA-D3-A51J-06",0.0489101759605493,0.125133769730181,0.0296253636354942,0.0208492434695981,0.0768291423747266,0.0230640575856654,0.0108395926533868,0.0198187116165364,0.00235320389790051,0.642576739075962
"TCGA-D3-A51K-06",0.0224592150347682,0.0134935797010697,0,0.0124006308423076,0.0167035080150514,0.0267702839074888,0.00741653517728057,0.00206021616513032,0.00124270803309319,0.89745332312381
"TCGA-D3-A51N-06",0.0302966470211114,0.00829004091834722,0.0205227661909341,0.00760271999749042,0.0980726428752713,0.0268194854458357,0.0120937627781294,0.00336467721158364,0.0004812385060763,0.792456019055221
"TCGA-D3-A51R-06",0.00124839172900223,0,0,0.0161578259630388,0.000411554940579584,0.00562083388133791,0.0164256220043459,0.0215106886846598,2.7262685392098e-09,0.938625080070767
"TCGA-D3-A51T-06",0.0127354746776603,0.00775358780117788,0.0174324569897195,0.0164752079621924,0.0320989276607493,0.0124205506412809,0.00722331832332894,0.00926226114829742,0.000885142392086852,0.883713072403506
"TCGA-D3-A5GL-06",0.00171436577189131,0.00016429687267422,0.0073888937637186,0.00552667117069766,0.0170458156577071,0.0108041615106532,0.00901974788144538,0.0180853365075575,7.05927619911857e-09,0.930250703804379
"TCGA-D3-A5GN-06",0.0111510434153129,0.0369732488511851,0.0325778669575675,0.00760229852017823,0.0555182806571059,0,0.0161559331326879,0.0444800603351392,1.18476971467368e-07,0.795541149653852
"TCGA-D3-A5GO-06",0.0126189661285374,0.0179733384705374,0.0178062230762253,0.00838362179468808,0.0385611852602047,0.0298871290193975,0.00597610891799743,0.0156000066532254,0.000282626583569162,0.852910794095618
"TCGA-D3-A5GR-06",0.0257269515179013,0.0232172378507858,0.0392418774139104,0.0658666340280048,0.0893387474166353,0.0143274315055809,0.0150089543111263,0.0296096034773788,0.000709193151136644,0.69695336932754
"TCGA-D3-A5GS-06",0.00308868123635983,0.0399152962814594,0.0218740654503482,0.0138938308169296,0.0617904837242108,0.0191752988767774,0.0115281926364571,0.0190967541711705,3.12291236726893e-08,0.809637365577163
"TCGA-D3-A5GT-01",0,0.00195688339139817,0.00150913563427143,0.00496399932504201,0,0.021142047240351,0.00550616613212268,0.0070595904013545,1.62872020389353e-08,0.957862161588258
"TCGA-D3-A5GU-06",0.014835236943321,0.0407886836118686,0.0241701806987356,0.01310857617152,0.00322926626416885,0.00706291761396149,0.0150935554122127,0.0120394513153744,9.81078994887569e-10,0.869672130987758
"TCGA-D3-A8GB-06",0.0315583928336677,0.055628911414817,0.0244170033470769,0.0355543423181553,0.0237426480004627,0.0235583561549433,0.0363865071223233,0.0952964615249618,0.00639544462149843,0.667461932662094
"TCGA-D3-A8GC-06",0.00713292169379404,0.00400763340884997,0.0147401833847751,0.0158032971437073,0.0520689713654448,0.0122607003479659,0.0131872185501114,0.0121428966868699,5.37532261954012e-10,0.868656176880949
"TCGA-D3-A8GD-06",0.0351398601895022,0.0733627114755746,0.0492302991579744,0.088140807665117,0.0419887163905082,0.025564915726522,0.00644623855222158,0.0113396418216444,0.011484943824738,0.657301865196198
"TCGA-D3-A8GE-06",0.0564241278696293,0.0137417691234686,0.11660993841286,0.00603791420151567,0,0.0405309295063571,0.0533312659650902,0.169109203946869,1.01323643190518e-08,0.544214840841846
"TCGA-D3-A8GI-06",0.0074815750362655,0,0.0212319095158999,0.0065198673907926,0.0274335687263148,0.0146135390850826,0.029608853413388,0.179188592579125,0.0003617957714214,0.71356029848171
"TCGA-D3-A8GJ-06",0.0553460080162873,0.154864265402097,0.0141480983834011,0.00907335480188213,0.0684551508261047,0.00455118916376791,0.00111039236714054,0.0128898639773826,0.00239507699394207,0.677166600067995
"TCGA-D3-A8GK-06",2.65172007178432e-05,0,0.00604686509614058,0.00497632689458564,0.0102919458060838,0.0101356962921925,0.00849252197704661,0.00484717012110305,8.4543051386801e-09,0.955182948157825
"TCGA-D3-A8GL-06",0.00155669209847475,0,0.0176703868429734,0.0287779569930748,0.00394424787422267,0,0.0186348537143732,0.00947866313853042,3.23261789006027e-10,0.919937199015089
"TCGA-D3-A8GM-06",0.0217900504448551,0.0285094495233003,0.0572872563601694,0.020106673891294,0.037702319054809,0.0209816232812774,0.0165621478861743,0.0243782481525247,0.000455692301805347,0.77222653910379
"TCGA-D3-A8GN-06",0.0243824927448613,0.0664803368092911,0.020398028410494,0.0224386901127549,0.0973754330703026,0.0171273775749187,0.0221443280529467,0.0410717279355279,0.000842548471570402,0.687739036817332
"TCGA-D3-A8GO-06",0.0281896844630908,0.006548239863889,0,0.0819290290418728,0.0541983748876626,0.00113532949921744,0.0121410832542512,0.00644334246124722,0.000598326429914761,0.808816590098854
"TCGA-D3-A8GP-06",0.000584684612960522,0.00488365351187112,0.0128651744156533,0.00702599093114633,0.00171603028764157,0,0.0133520817014315,0.00687154440208323,5.03772075788975e-09,0.952700835099492
"TCGA-D3-A8GQ-06",0.0026912778191801,0.00634218115254146,0.0243346863475717,0.0179657894260235,0.0526010057625574,0,0.0137353411364526,0.0282085381230257,1.73646932378862e-09,0.854121178496178
"TCGA-D3-A8GR-06",0.00081238364198131,0.000547988448980129,0.00604592761879573,0,0.0119735029741681,0.0141463063521348,0.0146370209706269,0.00503273233205189,1.15591830111914e-05,0.94679257847825
"TCGA-D3-A8GS-06",0.0337593768770763,0.0500111199067512,0.0125655535686818,0.0251793813571158,0.0332978489528829,0.0059448407794972,0.00791806794083689,0.00161441145826829,0.00437397650596208,0.825335422652928
"TCGA-D3-A8GV-06",0.00192460855688302,0.00186532295284803,0.0231406973957477,0.00401499022808195,0.026847639057354,0.00361120532752914,0.0100067018062346,0.0207812462501673,5.2578305770642e-08,0.907807535846848
"TCGA-D9-A148-06",0.00456712723004291,0.0116831430528622,0.00927456727990173,0.00959175243304564,0.0167293467774336,0.0101504674959981,0.0189448629323554,0.0205233705899177,0.000317318670347931,0.898218043538095
"TCGA-D9-A149-06",0.016793135259224,0.0298856269315022,0.0198907180584876,0.0217164364960064,0.0508644787144811,0.0241672676146854,0.00719912190295307,0.0211570494500251,0.00159073196363786,0.806735433608997
"TCGA-D9-A1JW-06",0.0268995623447414,0.0384107648760146,0.0163486365406948,0.0184955543465668,0.0250926884177473,0.0362771301640904,0.00696233505631553,0.0170886588419717,0.00129674452801257,0.813127924883845
"TCGA-D9-A1JX-06",0.00975586933502156,0.0939268696773174,0.0233065830627906,0.0102409639677602,0.0724017221543567,0,0.012248812474635,0.0105020159527919,0.000229518390049305,0.767387644985277
"TCGA-D9-A1X3-06",0.00510321281128429,0,0.0215104635591741,0.00995508089071888,0,0,0.0176073351612667,0.0256904304734398,9.12673815300901e-11,0.920133477012849
"TCGA-D9-A3Z1-06",0.0125654725107829,0.050819447584857,0.013741879130033,0.0144189031486923,0.0426962240105426,0.0385846505525329,0.0040936171193016,0.0307827667642946,1.26250853977108e-07,0.792296912928109
"TCGA-D9-A3Z3-06",0.0221734076755813,0.0179904365512406,0.0249458822232753,0.0661807565555561,0.0302815349288549,0.0309853194631806,0.0190632384628831,0.049844553948823,0.00161391466937633,0.736920955521229
"TCGA-D9-A3Z4-01",0.0286433715864757,0.0198740851670659,0.0234941737647589,0.0152970940866162,0.0268731926791574,0.0289709733215482,0.00754385222093251,0.0310877277646331,1.37498746323972e-07,0.818215391910066
"TCGA-D9-A4Z2-01",0.0226994770676243,0.000260378728107407,0.0233707124643723,0.0103952358768693,0.0410523184716336,0.00677209423516078,0.0075205580145266,0.0528224443409353,1.29809508145408e-07,0.835106650991262
"TCGA-D9-A4Z3-01",0.00392776328383364,0.00492420756291475,0.00842805729821702,0.0175501680784213,0.0109231276665655,0.00650079785055065,0.00810374723239876,0.0154580389315901,6.5842449219226e-09,0.924184085511263
"TCGA-D9-A4Z5-01",0.0232057506392066,0,0.0148953019181847,0,0.0237123250407107,0,0.022286972169767,0.0261439771916918,0.00147041631288345,0.888285256727556
"TCGA-D9-A4Z6-06",0.00104580436787544,0.00271542771294167,0.0183005887884267,0.0120598650005426,0.0160361230351257,0.00502289129143794,0.0247215322016507,0.0265960200821508,2.88868729876445e-08,0.893501718632975
"TCGA-D9-A6E9-06",0.0289216870164005,0.218096410011243,0.00421345041649333,0.00757091586159261,0.100495213380552,0.0136467486059815,3.66824486873503e-06,0.0169050267209757,0.00823140568639454,0.601915474055499
"TCGA-D9-A6EA-06",0.00151284069681379,0.0013271240963962,0.014348582271192,0.0207344489252145,0.0184920463998329,0,0.0104568624419075,0.0034146922529356,4.82851658722874e-05,0.929665117749835
"TCGA-D9-A6EC-06",0.00129535205604886,0.00257169409643245,0.014347268638997,0.0156469685423714,0.109152703071724,0.0141115114205615,0.00476152771684024,0.0039006329546341,1.10499502425561e-10,0.834212341391891
"TCGA-D9-A6EG-06",0.00413021172586193,0,0.0270216989560975,0.0105583123673451,0.00485999050204551,0.0176636847114492,0.015215391078776,0.0452337978311406,6.75560879197235e-10,0.875316912151723
"TCGA-DA-A1HV-06",0.0183700652072811,0.0655340702933834,0.0169116210209112,0.0244143932807373,0.068378324897343,0.0284462937596858,0.00995641235934176,0.0046125958306479,2.33622789853267e-09,0.763376221014441
"TCGA-DA-A1HW-06",0.013200358708714,0.082092747926153,0.0322625279196439,0.0228946285245053,0.0522713581772883,0.0285065872798479,0.00294784291829119,0.0140698247033123,0.0040083751231343,0.74774574871911
"TCGA-DA-A1HY-06",0.0114098664458207,0,0.0409256932246632,0.00524419201011421,0.170953255068061,0,0.0163524155362652,0.0313630682872151,5.46493682072054e-08,0.723751454778492
"TCGA-DA-A1I0-06",0.0319814674102319,0.00848344802985729,0.0200134523825093,0.015418157786779,0.0167548641874767,0.0153256141751678,0.0245552454885842,0.0380332813212466,0.000123155793284223,0.829311313424863
"TCGA-DA-A1I1-06",0.0527545197945696,0.0306085757949036,0.0328845128344574,0.00995427298395164,0.124319161545672,0.0312760302587874,0.0211296683439597,0.0342942139685675,6.13652163789305e-08,0.662778983109915
"TCGA-DA-A1I2-06",0.00801024032051275,0.0118111100543142,0.0219727905352117,0.0083104180980008,0.0178705347273309,0.0226610288983934,0.0313420528595418,0.0187180648506032,2.83161756630443e-08,0.859303731339916
"TCGA-DA-A1I4-06",0.0160245773887039,0.00276992120124562,0.00853268126241629,0.00358865273774849,0.0631187799167089,0.0836421721332156,0.024474036028252,0.102179291315934,0.000518267835311361,0.695151620180464
"TCGA-DA-A1I5-06",0.0591681835176016,0.0342745211790287,0,0.0208784400725315,0.0400695886313807,0.047797649665908,0.0221216275375902,0.0739632200183656,0.0019468240658406,0.699779945311753
"TCGA-DA-A1I7-06",0.00171115356363864,0.00444177397430753,0.0400459062803636,0.00349278487717924,0.110628013346537,0,0.0151155749679098,0.0702984369327144,1.3686903045082e-08,0.754266342370447
"TCGA-DA-A1I8-06",0.0340865129050298,0,0.0185390919958566,0,0.122737941633482,0.0186256013367648,0.0195044867168857,0.00852024862570313,8.39418696424234e-10,0.777986115946859
"TCGA-DA-A1IA-06",0.00819538280106338,0.000989426103504209,0.0143266738498257,0.0227403246743176,0.0208056928129677,0.00215047473273636,0.0160073262612717,0.00281453919405524,1.32303027082759e-09,0.911970158247228
"TCGA-DA-A1IB-06",0.0873979125862365,0.0946922983211989,0.0620760205706218,0.153492709407324,0.0799014160097459,0.0505802777803947,0.00558987203193549,0.021491332649332,0.000992580477810845,0.4437855801654
"TCGA-DA-A1IC-06",0.0214102358041155,0.00715332088799261,0.0144658183533845,0.0169108496645825,0.0218563454715646,0.0184131476301567,0.0255610946337665,0.0573367610179744,1.94341881253031e-06,0.81689048311765
"TCGA-DA-A3F2-06",0.0512037406814933,0.144800735869034,0,0.024510149106184,0.0321376546045583,0.147544255054453,2.74264235182602e-08,0.59980256104742,8.64317364060779e-07,1.18930702878866e-08
"TCGA-DA-A3F3-06",0.00669557797821013,0.00512071305836872,0.0187367974630765,0.0190751828064908,0.0301086738891139,0.00679959529272225,0.0141591475329353,0.00607549162090697,3.64069773010825e-10,0.893228819994106
"TCGA-DA-A3F5-06",0.00161917865213429,0,0.0334216212998853,0,0.127445276220162,0,0.00996910001868401,0.027282700316697,1.45072611248003e-09,0.800262122041711
"TCGA-DA-A3F8-06",0.0213613737547414,0.245005549421799,0.0181955212724304,0.0199120797282711,0.114789459952866,0.0213966157988876,0.00625725650300111,0.0121418215432012,0.00938311340607296,0.53155720861873
"TCGA-DA-A95V-06",0.0289557183309254,0.031492148138234,0,0.0146785976405506,0.0337530511649704,0.0239109457486581,0.00999500007111518,0.0050825893013562,0.000178777687557707,0.851953171916632
"TCGA-DA-A95W-06",0.0128985694358338,0.0188359294168151,0,0.00894551857780176,0.0158452878718004,0.00448068888343581,0.0122358199155349,0.0296826553419846,3.07578698764441e-08,0.897075499798924
"TCGA-DA-A95X-06",0.0108238786606021,0.0138633894356534,0.0320837089280077,0.0119882100442026,0.111292850578068,0.0163530834656857,0.017747779874362,0.0195794520572085,5.50711669715136e-10,0.766267646405498
"TCGA-DA-A95Y-06",0.00833623876988651,0.00132216621519928,0.00791531213270983,0.0076720942776906,0.00449666382641982,0.00870623260905464,0.0121333095546529,0.00549762876751183,3.29266404204154e-08,0.943920320920234
"TCGA-DA-A95Z-06",0.00713925179580656,0.00438083627996556,0.00934216155878049,0.00647873821292227,0.0396838815872141,0.00258383744940427,0.0121793425736039,0.0122246956711302,1.08408288977162e-08,0.905987244030344
"TCGA-DA-A960-01",0.00144154015388934,0,0.00381793219926124,0.00626718092951729,0.00546116988513378,0.0151126887816835,0.017379327837921,0.00134815113448781,2.45567411153189e-08,0.949171984521365
"TCGA-EB-A1NK-01",0.00764588900683672,0.00306499910626733,0,0.0100387504801658,0.0238142411229856,0.016482014565795,0.0248382873111597,0.0800008763624322,0.000199554723164307,0.833915387321193
"TCGA-EB-A24C-01",0.00183590311850063,0,0.0131873647621645,0.00309638371713487,0.00192898017488239,0.00457702767083758,0.00977589456842037,0.0888228959134787,3.48690561140114e-07,0.87677520138402
"TCGA-EB-A24D-01",0.00471542688374379,0.00198122622136445,0.0210777308249107,0.0104381528954894,0.00676521606287048,0.00291304718408821,0.0110204118597666,0.0442894742845019,8.59659075098245e-10,0.896799312923605
"TCGA-EB-A299-01",0.0166470184414092,0.0104189709699367,0.0110387651087669,0.00716051140486484,0.0260510879411145,0.0146470612720808,0.0214337082427068,0.0202624747429627,0.000411745374941823,0.871928656501216
"TCGA-EB-A3HV-01",0.00896597497495774,0,0.011227408803466,0.00904245706657249,0.0223806773611023,0.0245133084139713,0.0234268938566022,0.05993410484856,2.2889691325123e-05,0.840486284983443
"TCGA-EB-A3XB-01",0.025591083242398,0.0105033259916397,0.0123725219933728,0.0104788996013632,0.0576245823628269,0.0112792477581086,0.0143647973386601,0.0152048999506997,1.26526627353495e-09,0.842580640495665
"TCGA-EB-A3XC-01",0.0115117103095611,0.00325084773711267,0,0.00946449794566626,0.0125972791642843,0.0141100943560848,0.0118321403986309,0.0472112269793687,0.00030321308657806,0.889718990022713
"TCGA-EB-A3XD-01",0.0709190676452318,0.0175993359516603,0.0147202858980839,0.00850223586789267,0.0129570152854225,0.0356615608341582,0.0601231095204817,0.0603052632934601,0.000137172508010132,0.719074953195599
"TCGA-EB-A3XE-01",0.0246077919396389,0.0113901814135198,0,0.0056382701604578,0.0153455855336202,0.0121745358970288,0.00866461350521757,0.0209708987102579,0.000519913498861329,0.900688209341398
"TCGA-EB-A3XF-01",0.0153852376680851,0.00385600929069847,0.0303829993205813,0.00310720606987109,0.0971357994531282,0.0108486013890292,0.015040051328347,0.0106487046041537,5.19657409678143e-09,0.813595385679532
"TCGA-EB-A3Y6-01",0.00622303855278507,0.0103350766382044,0.0159253720033271,0.0157318699885609,0.0292157282501143,0.0132724853085466,0.00487427959398721,0.0811542289062597,1.77840250260142e-05,0.823250136733189
"TCGA-EB-A3Y7-01",0.0181835512065224,0.000322363377029799,0.0135130262160646,0.00051002208536957,0.0147657487109788,0.0359659478867231,0.0102841054387548,0.0106451771213738,3.08004502162787e-06,0.895806977912162
"TCGA-EB-A41A-01",0.0111906075907798,0.0020187858029122,0.016444277939085,0.0176552137520994,0.0139245881072261,0.0190031252120434,0.00536036228323885,0.00849699882284416,3.33045494396663e-11,0.905906040456466
"TCGA-EB-A41B-01",0.00417222886586369,0.00932736167319804,0.00546641069792009,0.0070486621802498,0.025688584071215,0.00591874580049095,0.00355997361660056,0.00244682754060442,1.30023589929454e-10,0.936371205423834
"TCGA-EB-A42Y-01",0.00421342362084871,0.00457633457563372,0.0104507259291509,0.00832556763662434,0.0138539800872797,0.0572342751066004,0.00798115940888439,0.0258942395280762,8.18398672459173e-10,0.867470293288503
"TCGA-EB-A42Z-01",0.0057940139371765,0.00551486554114456,0.0129689029096275,0.00419822824287173,0.0272452798850595,0,0.0153540358753816,0.0586448082584064,4.45550460975415e-09,0.870279860894827
"TCGA-EB-A430-01",0.00426973829059816,0.0200804419146275,0.00985607605705939,0.00156726241117814,0.0445248016533044,0,0.00603400787081446,0.00635579598191044,0.000346695602500476,0.906965180218007
"TCGA-EB-A431-01",0.00520695036958558,0.000993317562819022,0.0126912325282346,0.0129467521678928,0.0139192262842809,0.00437235210244016,0.0123094244090484,0.0254130739998248,2.60611605725704e-05,0.912121609415301
"TCGA-EB-A44N-01",0.0374184836036618,0.0103197977625203,0.0244957200295526,0.0266332853481047,0.0327283531317259,0.0194897126179612,0.03213811899564,0.0504444070598012,1.52711913805048e-05,0.766316850259652
"TCGA-EB-A44O-01",0.0041952111533238,0,0.0814661459691481,0.00184410182270437,0.042491941821295,0,0.00727428094770294,0.0353722864711738,3.51341557483822e-09,0.827356028301236
"TCGA-EB-A44P-01",0.0132889001028486,0.0097280097459015,0.0214780897197326,0.00962797656799727,0.0544823098911807,0.00354857336382175,0.0160899860530343,0.0182939095968288,2.93861033801203e-05,0.853432858855274
"TCGA-EB-A44Q-06",0.0709791322209218,0.0525286165217681,0.0315368388145523,0.0229576509958114,0.0522242062104974,0.0314242328834449,4.34738877322218e-06,0.00977763337464175,1.20517735709554e-06,0.728566136412232
"TCGA-EB-A44R-06",0.0214122386842276,0.0628803157958374,0.00542222002783553,0.0185451519042399,0.00617114437600051,0.0161153473283638,0.0183994794100742,0.0595423371400953,5.4465813094175e-11,0.79151176527886
"TCGA-EB-A4IQ-01",0.0090565201595266,0.000440509035830081,0.00851926934001558,0.00931597537506439,0.0199299328589348,0.0110140603432007,0.0181504104351728,0.0249218538033291,3.2422791686601e-10,0.898651468324698
"TCGA-EB-A4IS-01",0.0256035820126726,0.0754930572423428,0.0362467695512809,0.063918481025948,0.0299429945729298,0.0314116391253367,0.0103374676204821,0.102431722087009,7.47656451626173e-05,0.624539521116836
"TCGA-EB-A4OY-01",0.0158126742828291,0.0129883754276049,0,0.00145013147207185,0.0129739431192721,0.00505275377038554,0.00615048513376735,0.00591670998560708,0.000129355519493214,0.939525571288969
"TCGA-EB-A4OZ-01",0.0348498292642712,0.0442311188341906,0,0.00561465802319297,0.0157411783656466,0.0157395570189928,0.0165796247166367,0.0165619492366671,0.0088125522538214,0.84186953228658
"TCGA-EB-A4P0-01",0.012761190191741,0.00800511786539088,0.00936396842683737,0.000390457151057676,0.00563215912918737,0.00686007994850488,0.00946873508199472,0.0344884323514996,1.30508565550099e-08,0.91302984680293
"TCGA-EB-A4XL-01",0.0236245522705041,0.0151879771335317,0.0286255848630757,0.0214669541353087,0.031755923071641,0.0109386539491012,0.0166827456151879,0.0269434821513578,8.82172289784826e-08,0.824774038593063
"TCGA-EB-A51B-01",0.0270038674433925,0.0069322071305146,0.014727516906675,0.00754649178069251,0.0319053842188447,0.0230542212980859,0.00559293108351148,0.00528370346073199,0.000275227987352987,0.877678448690198
"TCGA-EB-A550-01",0.00561091006696202,0.00104817943900222,0,0.00615257160657638,0.0150499587432784,0.00437633755641167,0.0134506199967914,0.013574558118789,7.73513846213778e-09,0.94073685673705
"TCGA-EB-A551-01",0.0102588570021426,0.107415601375354,0.0408168109471851,0.023776479629651,0.0713167196300061,0.0271116704057099,0.00774833019312751,0.0291174251078674,0.000435794890791077,0.682002310818165
"TCGA-EB-A553-01",0.00903988474005274,0.00708598437218822,0.00578759150210855,0.00284749803132507,0.00713421788887645,0.00999512348552063,0.0167301233088039,0.0282626444749562,0.00204899205886691,0.911067940137302
"TCGA-EB-A57M-01",0.0314166343766491,0.00201382680142959,0.0174412300029175,0.00533339897530113,0.0273852396874481,0.0224110285673084,0.0558023282601153,0.152489518931479,0.000331269607316011,0.685375524790036
"TCGA-EB-A5FP-01",0.000993821551476018,0,0.0217400156814594,0.0106787424236822,0.00725821732813837,0.00116469980378599,0.0103316083174409,0.0148845770073383,1.55095802887035e-08,0.932948302377098
"TCGA-EB-A5KH-06",0.0113646505663503,0,0.00971759430937176,0.00862589994153815,0,0.0114687254830872,0.0217759932835068,0.0171034852842619,5.60875667998162e-10,0.919943650571008
"TCGA-EB-A5SE-01",0.00283351451779455,0.00355014661429815,0.0111337849457494,0.012045341356067,0.00409176338142963,0,0.0191232923598742,0.0227251371337001,6.765263977145e-10,0.924497019014561
"TCGA-EB-A5SF-01",0.00722912449662516,0,0.00106995670997496,0.00143692731178577,0.00555069218181452,0.00771068129667934,0.0288152180555853,0.0787098265354487,0.000675590362986181,0.8688019830491
"TCGA-EB-A5SG-06",0.0238106204247257,0.198420198741229,0.00540910509124545,0.016781334362065,0.0782144171521197,0.0382496224632414,1.65402971657285e-06,0.0204149820896642,0.00921538764977864,0.609482677996214
"TCGA-EB-A5SH-06",0.0202475582112104,0.00485741840178495,0.0131858097781774,0.0299967763465859,0,0.00336356274188763,0.0201721915738813,0.00832070131560931,0.000637425012239853,0.899218556618623
"TCGA-EB-A5UL-06",0.00692980981849645,0.0449344546459357,0.0235904618629066,0.0331364776967711,0.0320325201142605,0.00327727422370122,4.02795473198375e-06,0.0139636086554761,0.00142561903545726,0.840705745992263
"TCGA-EB-A5UM-01",0.0161984588934651,0.0290242333517442,0.017479436351429,0.0157298379783576,0.00525535278280509,0.000905677052843355,0.0010681611591324,0.00947558288725504,0.00132163170029577,0.903541627842673
"TCGA-EB-A5UN-06",0.00627851872083742,0.00644174581088485,0.0265450931763405,0.00446758285907816,0.144557852648041,0.00907329978742603,0.0151718903248143,0.0127621554387606,0.00143609077488852,0.773265770458929
"TCGA-EB-A5VU-01",0.00853689253495771,0,0.0275368036767989,0.00433736362060112,0.0489292580567408,0,0.0114079451507395,0.0323154846878895,5.52738856167933e-10,0.866936251719534
"TCGA-EB-A5VV-06",0.160906655453189,0.062357354948697,0.0411513902880419,0.304084765450839,0.0183554291912848,0.0475973898088086,0.0355461182138527,0.00772849614505502,1.20189300504404e-09,0.322272399298339
"TCGA-EB-A6L9-06",0.0480953486459512,0.0454785871609548,0,0.113485095032888,0.0182161184931247,0.0405615211930968,0.0583231668622626,0.0181651409409552,0.00225678502704587,0.655418236643721
"TCGA-EB-A6QY-01",0.00641962966635971,0.00224420182288769,0.0138810692162717,0.00650611114052564,0.0219703686389518,0.0100735509990901,0.0100407441821249,0.021235443755949,2.31780297548669e-09,0.907628878260036
"TCGA-EB-A6QZ-01",0.00680938448626929,0,0,0.00521176583190293,0.0408103599856975,0,0.0142651101333054,0.0347927216930303,1.17154394336889e-08,0.898110646154355
"TCGA-EB-A6R0-01",0.0100557256196411,0.0598768465795693,0.0179134380961778,0.0143377347784635,0.0356580149894184,0.00458532497066272,0.00951397897014417,0.00721921698261971,0.000518521679538785,0.840321197333765
"TCGA-EB-A82B-01",0.0205469239126286,0.0188321413132248,0.021260734844647,0.00928236054616857,0.0623434044830394,0.0148596777647259,0.0118044212912809,0.0285334354388106,0.00149390408978449,0.81104299631569
"TCGA-EB-A82C-01",0.00124246836161904,0,0.0130173026425052,0.0035645050713569,0.0183086262422368,0.00571870594341343,0.0109709980775309,0.0353742478607592,1.93265879200839e-10,0.911803145607312
"TCGA-EB-A85I-01",0.0121759729967616,0.0613963010217764,0.0143362759300105,0.00412808335669986,0.0762361461200785,0.00343290877198367,0.0121576025423673,0.0227471087909574,3.50705689130744e-05,0.793354529900452
"TCGA-EB-A85J-01",0.0268277682113828,0.0801654778245065,0.017344164262982,0.0133259910869692,0.0511175651989107,0.0157616980060662,0.004066783986133,0.00658314953814919,0.00142817088134084,0.78337923100356
"TCGA-EB-A97M-01",0.0233279290790499,0.013321211520247,0.0111951739282528,0.00145569812293267,0.0306967645494296,0.0164473573272799,0.0043625485880234,0.0207790344426834,0.000932611616030796,0.877481670826071
"TCGA-EE-A17X-06",0.00829593075717414,0.00201276718858305,0.0253338849992635,0.010463189023837,0.0114924590401572,0.0208339661672371,0.0131265066613883,0.00987338654500288,4.70556069141232e-08,0.89856786256175
"TCGA-EE-A17Y-06",0.00177639561563845,0,0.0362685909436396,0.00128888249233408,0.0334953129520496,0,0.0155071540989106,0.0713542115738387,5.79975539324285e-10,0.840309451743613
"TCGA-EE-A17Z-06",0.00136069845036766,0,0,0,0.00666425420710997,0.00233956082785542,0.015923494951079,0.0170245021446244,1.74514833338877e-09,0.956687487673815
"TCGA-EE-A180-06",0.00571150601146356,0.00361529561644939,0.0194015163316024,0.00552451808543938,0.0139025599676942,0,0.0145663947983025,0.040702541282196,8.95983954912546e-09,0.896575658947013
"TCGA-EE-A181-06",0.0333122776421853,0.071985766499913,0.0212983738885868,0.0269846247776851,0.0731304167974275,0.0352937084172191,0.00950468851678755,0.0026345528055022,0.000285660168988584,0.725569930485705
"TCGA-EE-A182-06",0.0234172704028405,0.00723581138197697,0.0029432731015954,0.00791016286425533,0.0205259025889745,0.0369413530020208,0.0424901154685361,0.180951007958118,0.000267403592638975,0.677317699639043
