"","DC","CD8","Treg","B","M1","M2","Endo","CAF","NK","Tumor"
"TCGA-3M-AB46-01",0.00772431767125087,0,0,0.00913811175830432,0.0681116747316685,0.00711019624727904,0.0117362385322733,0.102640850178693,1.67016861073118e-09,0.793538609210363
"TCGA-3M-AB47-01",0.0228458216372769,0.000908254759154244,0,0.0278734096421184,0.0338877280041051,0.0566965570965772,0.122323451325753,0.188314690591554,2.25170629210155e-09,0.547150084691755
"TCGA-B7-5816-01",0.0401711456005002,0.000371460479473747,0.0257844444395169,0,0.388467165668726,0,0.013366494372794,0.251762608552166,0.00212052794734809,0.277956152939475
"TCGA-B7-5818-01",0.0365375560890068,0.0185827544248153,0.00849777645049744,0.00638738524193262,0.10548778669391,0.013441392735925,0.00883631106888212,0.0673232137380919,0.000592296471347291,0.734313527085592
"TCGA-B7-A5TI-01",0.0207445760679019,0.00309294789475667,0.0188448326229411,0.0224293852391357,0.0521202107345361,0.0407946430680401,0.045308309386365,0.204179573887029,4.14172889519672e-05,0.592444103810343
"TCGA-B7-A5TJ-01",0.0239383099011542,0,0,0.011224352267941,0.017797145544376,0.029346903327635,0.0390515210609248,0.0565576288589039,3.82830305715855e-10,0.822084138656235
"TCGA-B7-A5TK-01",0.0872686590637037,0.0916959753666398,0.0208815742694314,0.00416546841547875,0.0941532415334686,0.0445680281037569,0.0249971460612614,0.0661909078625558,0.00791457083466155,0.558164428489042
"TCGA-B7-A5TN-01",0.0167672127850644,0.00257407237842583,0,0.0153424219379636,0.0945492452268209,0.0180194182200723,0.0252964259410876,0.29624709658211,2.47360830745806e-07,0.531203859567625
"TCGA-BR-4187-01",0.136774095905194,0.0138976308256632,0,0.0231375728725346,0.0210390072697297,0.139586330413163,0.0484512527417509,0.242859928085132,2.9623488415649e-07,0.374253885651949
"TCGA-BR-4191-01",0.111721478219702,0.0165077831315956,0.0287797665374886,0.0210202440326019,0.0948202555876592,0.0942914077324384,0.0340442138150208,0.0377502340617142,0.00216168212436024,0.558902934757419
"TCGA-BR-4201-01",0.0589370118276205,0.00250863924245374,0.0207763724743618,0.0119003818837616,0.0629576256425492,0.0543462297182456,0.0223413250884561,0.265055422759834,0.00164359391160839,0.499533397451109
"TCGA-BR-4253-01",0.0821191627086208,0.0734058278599371,0.0347262594952777,0.0179423754100515,0.134997293144293,0.0717800998226638,0.00720395207211477,0.0218200582007442,0.00581527183067737,0.550189699455619
"TCGA-BR-4255-01",0.0462258755108855,0.0203388718509271,0,0.0203933558961534,0.0411592501751788,0.06817934563457,0.0520464461081096,0.147595278055941,2.090614927473e-07,0.604061367706742
"TCGA-BR-4256-01",0.0842653939961391,0.0246654945079718,0,0.00926737224416575,0.111365247565254,0.0640973986757513,0.054128690715029,0.150061600316184,0.00030391019918672,0.501844891780318
"TCGA-BR-4257-01",0.0770427142286725,0.0131993117605163,0.017569701468196,0.00851342809579827,0.0736713879555099,0.0483358354212089,0.0217370975812401,0.104721489439791,0.00140642902390546,0.633802605025161
"TCGA-BR-4267-01",0.0323436075579854,0.00166168419359343,0.0108778532486353,0.0121964145777578,0.18307235558271,0.00201018404607371,0.0144530169205374,0.0320383965345139,2.47497727217892e-09,0.711346484863216
"TCGA-BR-4279-01",0.102631434177893,0.0217330616659337,0,0.0103535894076052,0.0509608917205322,0.0895919745342387,0.0343004191199717,0.134008416483003,0.00213562883195331,0.55428458405887
"TCGA-BR-4280-01",0.0367446901385823,0.00969682641259591,0.0150305313892815,0.0109977885741811,0.0342524801867468,0.0452807129731628,0.0137084269819704,0.0239343064680117,0.00146888481023596,0.808885352065232
"TCGA-BR-4292-01",0.0440135561766207,0.012639017810789,0.0149139405439539,0.00783182655181377,0.0550617368635669,0.0297502688904859,0.0166695060224736,0.022747474542544,0.00334272087561216,0.79302995172214
"TCGA-BR-4294-01",3.74607640558017e-20,0.00197782258811805,0.00216139054864875,0.0039303799463694,0,0.0438599731512433,0.00561010001783547,0.00505967480874832,1.56092621994249e-09,0.937400657378111
"TCGA-BR-4357-01",0.0634470894824828,0.0204361032191534,0,0.0142711369229382,0.103680859460377,0.073047500762608,0.0190626994875892,0.0874633719959005,0.00166468978190774,0.616926548887043
"TCGA-BR-4361-01",0.0410214320390814,0.0182993503087421,0.0430749741832607,0.0059158407730189,0.100539065785613,0.0696369287096986,0.010574305489096,0.159775687550508,0.000324335187638769,0.550838079973343
"TCGA-BR-4362-01",0.0387664473802272,0.0194813356621575,0.0216522631454132,0.0140991842985397,0.109305722842679,0.014147293165736,0.0253508334869478,0.0568139987669103,0.00281426332351151,0.697568657927878
"TCGA-BR-4363-01",0.0500998406562378,0.0130979970303541,0,0.04699263853125,0.0776451730553811,0.0545832737948016,0.0138825141131868,0.177290679430275,0.000760004782573032,0.565647878605941
"TCGA-BR-4366-01",0.0204910295509541,0.0205689353623599,0.00227429948057056,0.0111003056597582,0.0303807032007809,0.0595821310735168,0.0210779743414437,0.0593801225576073,6.9274935008097e-10,0.775144498080259
"TCGA-BR-4367-01",0.0586051476399117,0.0126984213724851,0.0336777941124011,0.0140903736025789,0.0622162293293581,0.0847285993915915,0.0290792012856369,0.0860643069512203,0.00125903973766517,0.617580886577151
"TCGA-BR-4368-01",0.0837378079185077,0.0375544173238084,0,0.0137662380640596,0.0492043018744455,0.0400591205607186,0.0403504266118751,0.052578054764642,3.0097070721388e-10,0.682749632580972
"TCGA-BR-4369-01",0.0502705758489804,0.00297871097623131,0.021510987154548,0.0104220995826195,0.028243655913084,0.0457137392517913,0.0184540937787773,0.0565910679060612,1.01982070281524e-08,0.7658150593897
"TCGA-BR-4370-01",0.0726541225665556,0.0105523748242074,0.0365008487911115,0.0124701740621273,0.105710327099201,0.0431335867499776,0.0295209378808007,0.231360815348605,0.000145176646523733,0.457951636030891
"TCGA-BR-4371-01",0.0254684475954537,0.00239837445163329,0,0.00807132624761439,0.0222517720145339,0.0265298315015426,0.0124625702604997,0.0194341757489222,8.57994342226256e-05,0.883297702745578
"TCGA-BR-6452-01",0.0546116145745662,0.0117706098881556,0.0344764646269276,0.0143917079998455,0.077808422141157,0.0419964593372111,0.0227477426950741,0.0998543994758373,0.00217666262506142,0.640165916636164
"TCGA-BR-6453-01",0.107929712479024,0.0181138314558002,0.0284883672099869,0.242201754413611,0.0104769925893119,0.0862660280102225,0.0677025139944686,0.0667789654047672,0.000363891268361687,0.371677943174446
"TCGA-BR-6454-01",0.03818282433833,0.0608766208313016,0.0315154073435718,0.0335370821768417,0.0609229038573,0.0245977402299749,0.0283758626552138,0.0233426139393584,0.000807885569595716,0.697841059058512
"TCGA-BR-6455-01",0.0674521044749369,0.0339709837246199,0,0.00912053763258756,0.0304923809106762,0.0261651868281043,0.0355042297361493,0.0468066370148632,2.84878628147319e-10,0.750487939393184
"TCGA-BR-6456-01",0.0492353100400237,0.0127554434626128,0,0.00796901273445541,0.113418635121632,0.027202990163085,0.0434209900809682,0.293276231915399,0.000230881557428777,0.452490504924395
"TCGA-BR-6457-01",0.0505697356034631,0.0165568769239465,0,0.0330835899247337,0.0330771129920725,0.053575248367404,0.114779251832961,0.242952268270817,0.000266809178926225,0.455139106905676
"TCGA-BR-6458-01",0.0510682343683261,0.0289999187856833,0.0485097578030616,0.012529077233404,0.0663730666624259,0.0674430087108533,0.0310171847400819,0.258445921927149,0.000285543741739835,0.435328286027275
"TCGA-BR-6563-01",0.0633444894061797,0.0549358931019378,0.0204735404439165,0.0565959690720473,0.0267518846692337,0.0824275715971202,0.0556979464456837,0.167208991770481,0.000395362472136442,0.472168351021264
"TCGA-BR-6564-01",0.0310538793416683,0.0116312485065281,0.01706321209677,0.011211126006657,0.0278243599120729,0.0457068697223005,0.0869111259793936,0.0810870887014848,3.87640985390926e-09,0.687511085856715
"TCGA-BR-6565-01",0.055868036121601,0.0217822992123583,0,0.0146969860447259,0.0502966442832774,0.0389798410051272,0.025249364226286,0.120743954171182,0.00102581507034596,0.671357059865096
"TCGA-BR-6566-01",0.0423483067754677,0.00377445514525515,0.0113920373569978,0.0044423814308779,0.0820982104076838,0.0241515897405433,0.00718877927726138,0.239478086920469,0.00544964798404278,0.579676504961401
"TCGA-BR-6705-01",0.0530345625012024,0.00570347029449566,0,0.0207509316828379,0.0375433092143773,0.0638121694127815,0.198324155328025,0.619822101140854,0.00100913895218499,1.61473241282709e-07
"TCGA-BR-6706-01",0.0571682127250467,0.109984531636664,0.0326142636874103,0.0197437324394041,0.11429857505704,0.0481913493804097,0.055595727040277,0.149816373866984,0.00790384563478847,0.404683388531976
"TCGA-BR-6707-01",0.0597051659071038,0.0505652260045422,0.00824065404240613,0.0110009291163534,0.0301566867088571,0.0217646904577243,0.022563327419984,0.0264060983771878,0.00246974171888242,0.767127480246959
"TCGA-BR-6709-01",0.112591536321421,0.0664649916000976,0.0325640835378301,0.0209174193258847,0.062896991583539,0.0495997379158769,0.0272253418665221,0.130481849598171,3.69160307493592e-08,0.497258011334627
"TCGA-BR-6801-01",0.00624379491026926,0,0,0.000863623914695803,0.0265991867335172,0.0209551791810093,0.0253946255794594,0.153787622922654,8.0171320250801e-08,0.766155886587075
"TCGA-BR-6802-01",0.0431069864404186,0.0316460330694063,0.0192548296143295,0.0180182926785857,0.0738423902870428,0.0157371928986753,0.0317291047701115,0.109361909557036,0.00772000176978302,0.649583258914611
"TCGA-BR-6803-01",0.0508150779988884,0.0246755806896754,0.0152694230880609,0.0263829547533596,0.027561021630092,0.0446764841622247,0.103585978870741,0.0707047563028017,0.000579718803489861,0.635749003700667
"TCGA-BR-6852-01",0.0918641177036558,0.0986626006990364,0.0281621162480131,0.00961768546441213,0.120313083020358,0.0319319788561346,0.0198037745844338,0.10979406733961,0.027724838110992,0.462125737973354
"TCGA-BR-7196-01",0.0716234128155915,0.036132990142912,0,0.0276856762108755,0.0799446248480904,0.0624295627424368,0.118329715292175,0.133727919178851,0.000640624294306425,0.469485474474761
"TCGA-BR-7197-01",0.00853278167735913,0,0.02234599660977,0.00100545345745011,0.0210927834173353,0.0235686969447208,0.0281279431800991,0.0819235225189796,3.63290312420201e-09,0.813402818561383
"TCGA-BR-7703-01",0.0144797958262467,0.00247713798361457,0.00933901289309537,0.00610007829352889,0.0327492794935433,0.0400603434647882,0.0146249941237785,0.0299346489428803,0.0019843353011626,0.848250373677362
"TCGA-BR-7704-01",0.0859696728039002,0.0277152316725745,0,0.0166298900839111,0.0305854062602814,0.0369630896746945,0.0221692798186701,0.051284827077994,0.0101136146154641,0.71856898799251
"TCGA-BR-7707-01",0.0319869384496763,0.00621240644770672,0,0,0.114482890118143,0,0.0158248620910279,0.10531938958241,0.00485537079796939,0.721318142513067
"TCGA-BR-7715-01",0.014475053289723,0.00265138720723573,0,0.00608927981296049,0.0224132772236788,0.0333328112703523,0.0285338082767004,0.164543025063384,2.70374383025043e-09,0.727961355152221
"TCGA-BR-7716-01",0.0600320704079129,0.0696278970143652,0.03499960911795,0.0098309813795991,0.0370531023749739,0.0632497904180461,0.0192638115502667,0.042199641632132,0.00161774952432083,0.662125346580434
"TCGA-BR-7717-01",0.00997317961647575,0.00636293322082125,0,0.0142631246671595,0.0205063462980458,0.0321332325065281,0.0259412967182553,0.0749746485563779,1.71324541220047e-07,0.815845067091795
"TCGA-BR-7722-01",0.031078749659938,0.00230682859117651,0,0.0251638000089798,0.0417558830762626,0.029823564498744,0.0338209274138892,0.0439102764073585,0.000365887810020296,0.791774082533631
"TCGA-BR-7723-01",0.0589729313957791,0.0415514970614473,0,0.0252576813563069,0.0241234429707545,0.0307107894441669,0.0420091576433428,0.0943064827053515,1.99963689648186e-08,0.683067997426482
"TCGA-BR-7851-01",0.0381339227459104,0.00923518756225908,0,0.0194041422709596,0.0509970426507763,0.0366207772223528,0.0349191762159789,0.171756803330773,0.000443423406171487,0.638489524594819
"TCGA-BR-7901-01",0.052981292209855,0.0142260117183297,0,0.01378264897755,0.0673792886179305,0.0485417248840595,0.0644707913362262,0.135322328013366,5.42095669246432e-08,0.603295860033116
"TCGA-BR-7957-01",0.035338096474847,0.00704565013706678,0.0256855388071023,0.00974363941237927,0.0280193599134379,0.0733904265568979,0.0904190010970522,0.429816043785859,2.87762152866196e-08,0.300542215039142
"TCGA-BR-7958-01",0.115822799862448,0.097316929030474,0.0316491285197239,0.00887077029718749,0.0840883716930609,0.0379935749723035,0.0167091916389049,0.0853821442809542,0.00198782322225345,0.52017926648269
"TCGA-BR-7959-01",0.0345292914788717,0.00981213362767946,0.0392839747024442,0.0108908137135781,0.0562400678402784,0.0514287151188639,0.066737617210437,0.188527470356639,3.64871487328538e-08,0.542549879464059
"TCGA-BR-8058-01",0.0982345154824174,0.0379335221634845,0.0475302329290464,0.0388215897535695,0.0445658854534629,0.050683203580009,0.0424176618152635,0.10026485380106,2.77379900219718e-08,0.539548507283697
"TCGA-BR-8059-01",0.0132197593615057,0.00151130052717715,0,0.00442055507736859,0.0549659968735605,0.0151721466876552,0.0310641798474836,0.24776595076481,0.00114386954109557,0.630736241319344
"TCGA-BR-8060-01",0.0695339537118905,0.00780594189385443,0.0267892842412968,0.016122744404342,0.0507227044225994,0.0382581269764514,0.0546264308907376,0.0585630538702529,1.53950297305364e-10,0.677577759434625
"TCGA-BR-8077-01",0.0637026238062421,0.0555208613346153,0.0135028397115685,0.00570874872138313,0.0170812650918871,0.0344391005563364,0.0299963579948541,0.0319412113838031,0.000829572395310135,0.747277419004
"TCGA-BR-8078-01",0.0542175155585749,0.0423151398033886,0,0.00857270088111373,0.080137595418072,0.0409040501579385,0.0198973322669539,0.124046881199227,0.00119774708095446,0.628711037633777
"TCGA-BR-8080-01",0.0547636402462479,0.0168755180960084,0.0309130982890937,0.0376819610227292,0.0504214861647693,0.0542077075916674,0.0953230728782829,0.108253526983214,1.7011342015808e-09,0.551559987026853
"TCGA-BR-8081-01",0.0859990404630975,0.0227203795763216,0.0421844852804873,0.0299601347090919,0.0697508733461948,0.0508932271312304,0.0262078375899079,0.161437111833687,0.00122761110198476,0.509619298967997
"TCGA-BR-8284-01",0.0676775580970565,0.0767342025783413,0.0258304664236693,0.0215620812819299,0.0408413263834604,0.0550950950103998,0.045518159014267,0.0874597864012298,0.000471578091098212,0.578809746718548
"TCGA-BR-8286-01",0.0642480292492209,0.010578297902929,0.0217253071706461,0.0127961296948445,0.0409523150398553,0.0414728986981408,0.0418466291207822,0.0594613575712611,1.46321601864074e-08,0.70691902092016
"TCGA-BR-8289-01",0.0261879294287321,0.00688025972847214,0.0109753481595449,0.0121895628752894,0.0208897413860648,0.0246465124487924,0.0327728577058402,0.0730097391513628,4.48247111284863e-09,0.79244804463343
"TCGA-BR-8291-01",0.140428212697529,0.0264873694578651,0,0.0172683863324502,0.034309610856628,0.0953460368944888,0.0986708157651691,0.272794883951172,8.03030642588845e-09,0.314694676014391
"TCGA-BR-8295-01",0.00544400751326413,0.00603089497843205,0.00359276786283752,0.022199219495225,0,0.0049447211700991,0.0263112892479659,0.0192797265551709,6.23436773340968e-06,0.912191138809272
"TCGA-BR-8296-01",0.061708747195149,0.0147287237105072,0.0298909456332354,0.0821044831442331,0.0394202799943428,0.0298742013873078,0.0592986615892529,0.0653011767016595,4.27937413575533e-10,0.617672780216375
"TCGA-BR-8297-01",0.0242875583794884,0.00548831559561853,0,0.0219827493245929,0.0146610712984592,0.0359229962637394,0.0605420717859478,0.0420746509726824,1.25453634616105e-08,0.795040573834108
"TCGA-BR-8361-01",0.0165614652310671,0.0442886339908245,0.0216575500239536,0.0113731447017448,0.0448945380166762,0.0275601014361913,0.0235955812885701,0.0247143843577996,2.24191252687181e-08,0.785354578534047
"TCGA-BR-8362-01",0.0565983795941673,0.025355394532864,0,0.0108837100481058,0.038115411370871,0.0872076122819599,0.0510348829632858,0.0829778492769208,1.66092527393574e-08,0.647826743322573
"TCGA-BR-8363-01",0.0728773700509163,0.0757352759665718,0.0405396294791058,0.0122623158125148,0.0873798937061486,0.0301565159665447,0.0341403436655193,0.0839199876032365,0.001103520282398,0.561885147467044
"TCGA-BR-8364-01",0.0709934532042367,0.0214031127189284,0,0.0345044400949139,0.0331284247352565,0.0937131736403254,0.0634342162462635,0.393495548073482,1.02622883974188e-07,0.289327528663709
"TCGA-BR-8365-01",0.0339867877929461,0.0194936104181439,0.0202420373653313,0.0271214142479483,0.027472444577475,0.0673682618270586,0.10823337015332,0.0962992795726406,5.6555992065236e-09,0.599782788389537
"TCGA-BR-8366-01",0.100664189504261,0.0576471625051765,0,0.0349400501042292,0.0954247595485066,0.0539698942641951,0.0244342372837864,0.100574343509825,0.0041756765469322,0.528169686733087
"TCGA-BR-8367-01",0.0445491021832792,0.00658360271040816,0.0230717219167535,0.015409986694861,0.0228155989766259,0.0723493071070005,0.0761150924685004,0.0642435330623133,2.25290059867532e-09,0.674862052627358
"TCGA-BR-8368-01",0.0130733276839775,0.00640389876225627,0,0.0111996601834973,0.0736102235847521,0.0156290191234424,0.0286462281201304,0.0232926084486016,2.44389003175824e-09,0.828145031649452
"TCGA-BR-8369-01",0.0209134266427898,0.0014577684526697,0,0.0247534743027885,0.0150138162440936,0.0440726040940908,0.0706274582847574,0.0552664086934999,1.73397195555773e-08,0.767895025945591
"TCGA-BR-8371-01",0.0404466148589319,0.00370609137706584,0.0104843810723813,0.0886636724292838,0.00399043677388804,0.0452483154376937,0.0552773940752088,0.0242899322417996,2.07357681407319e-09,0.72789315966017
"TCGA-BR-8372-01",0.103009069286042,0.024092640258199,0,0.00860967298340157,0.0544381434200501,0.0435680088187853,0.0068335069026721,0.0148685226185422,0.00150173292857978,0.743078702783728
"TCGA-BR-8373-01",0.0376568480423371,0.00291789184844154,0.0202759144846437,0.00875686316841835,0.0263888474446221,0.0604303655520721,0.0547507740695076,0.189008173591276,5.86360876374698e-09,0.599814315935073
"TCGA-BR-8380-01",0.031928605126466,0.00333147506449399,0,0.0157951839108354,0.0272155201363949,0.0588051286900558,0.0861069742486326,0.122824869770658,7.59202408733335e-10,0.653992242293261
"TCGA-BR-8381-01",0.0638056825523758,0.0519317052990594,0.0411127787716094,0.0606737590535944,0.0558364513012115,0.0408451780164989,0.014602313766063,0.0927629920278969,6.79926288170909e-09,0.578429132412428
"TCGA-BR-8382-01",0.0313481450141185,0.00102281947236255,0.0145745566367499,0.0111376464320741,0.0821076926770476,0.0126166526670171,0.0188377909135234,0.22101770799422,0.00422726728532205,0.603109720907565
"TCGA-BR-8384-01",0.0617947604305143,0.034234323337045,0.0191344081672206,0.0145267522904023,0.0227891148809758,0.069222397236188,0.102377268109856,0.131458925961696,6.19600966928666e-09,0.544462043390092
"TCGA-BR-8483-01",0.00442990644554877,0.00183318287704082,0.0102388401828307,0.00934875976689196,0.0296214348020712,0.0129199333397266,0.0121905367767128,0.0568261413552984,1.66949131901126e-08,0.862591247758966
"TCGA-BR-8484-01",0.0739927402996367,0.0243689827957721,0.0417993769451572,0.0363187972073138,0.0563062103192248,0.0475119320477237,0.0382286722748129,0.0441165122279576,9.84750534261998e-09,0.637356766034896
"TCGA-BR-8485-01",0.0503383789266115,0.0316637235721801,0.0230495947715976,0.0119824484545333,0.038237557768441,0.0251682063232616,0.0460464090296155,0.114645777576372,8.04695113904956e-05,0.658787434065996
"TCGA-BR-8486-01",0.0411973319700554,0,0.0280161974506696,0.011613363254912,0.0439970444635614,0.049235309462905,0.0659702232824023,0.116024872497237,0.000463246829943411,0.643482410788314
"TCGA-BR-8487-01",0.0145442445755803,0.00160080893457587,0,0.0156953974705987,0.0768160058528284,0.0102623643774044,0.00977472852490149,0.0602177914388319,0.0015364321718917,0.809552226653387
"TCGA-BR-8588-01",0.047908014440037,0.0237963728345734,0.0211861698702003,0.0219903049112448,0.0351453670160903,0.037123919785142,0.0390046462476145,0.145288538201171,5.14477138273746e-09,0.628556661549155
"TCGA-BR-8589-01",0.0929641483872287,0.0971334153841867,0,0.00442236902545584,0.0604077475618591,0.0431064199436315,0.0129417755544136,0.00712307271164948,7.69194590586436e-08,0.681900974512116
"TCGA-BR-8590-01",0.0719849534301152,0.0210202107481279,0,0.027163243469671,0.0366601785450122,0.0774507463521726,0.0602990906253986,0.17645631627219,6.44112483264068e-10,0.5289652599132
"TCGA-BR-8591-01",0.0410632359506113,0.00133753287938018,0.0331466010598789,0.0191050130148168,0.121297365490503,0.0189642206557356,0.0315993895136666,0.0946256261506463,0.0017452221805035,0.637115793104258
"TCGA-BR-8592-01",0.0407630848764332,0.00834409349672885,0,0.0416182998284989,0.0190549720937101,0.0668421313667889,0.0908504972557918,0.131654126892456,2.29465893378642e-08,0.600872771243003
"TCGA-BR-8676-01",0.0430745506939301,0.0260309965886989,0.0040607102858946,0.0102297062462645,0.0136604349553357,0.0245521554166936,0.00697040566634496,0.00628464720328784,1.29790977444508e-09,0.86513639164564
"TCGA-BR-8677-01",0.053541843669235,0.060284211593644,0,0.00943155301127134,0.0687652891932627,0.0287906531475846,0.0770687695553829,0.269808039042771,1.52021547145729e-08,0.432309625584694
"TCGA-BR-8678-01",0.0205345856510553,0.0262400940450901,0.0226043622863466,0.00434916475945922,0.020907360420479,0.00326136231498634,0.0183386947388575,0.139562615899049,2.10640920200041e-08,0.744201738820585
"TCGA-BR-8679-01",0.0254448742171002,0,0.00569289096646409,0.0127417979290138,0.018392824186002,0.0336223392980531,0.031048672348734,0.133626475905013,8.16850144207577e-10,0.73943012433277
"TCGA-BR-8680-01",0.00166355714447506,0,0,0.00476238295097158,0.0261878810407915,0.0535825353615563,0.00511432836121408,0.0815579046366387,3.38571230175641e-09,0.82713140711864
"TCGA-BR-8682-01",0.0897386229008416,0.00635840540820407,0.0167864554831143,0.0179896923019676,0.0157428073747062,0.0868787825669127,0.0583118975558306,0.0658123242227216,5.38252805993995e-09,0.642381006803173
"TCGA-BR-8683-01",0.0602748155669252,0.0209770687197368,0.0384049154046657,0.0182278926511164,0.0442939413995095,0.0414498651136339,0.080186775182016,0.153728143453542,3.79467063839428e-09,0.542456578714184
"TCGA-BR-8686-01",0.051622566443758,0.0536263200273455,0.0332567887441201,0.0424256531384674,0.033233395985705,0.0727112774594139,0.0749393103059818,0.050364967591661,2.21820504073145e-09,0.587819718085342
"TCGA-BR-8687-01",0.019510232188828,3.37795788791777e-05,0.0109721542148046,0.00434091591010897,0.0126750315922756,0.0287083558784032,0.0246618041086769,0.0602339635832912,4.92256371155071e-09,0.838863758022169
"TCGA-BR-8690-01",0.0497975038300177,0.0341417466657481,0.0192423870937408,0.0135677433328631,0.0566790801982267,0.0210054514472151,0.00485510151156192,0.0720305726723129,0.00431892975229541,0.724361483496018
"TCGA-BR-A44T-01",0.0659013726911669,0.0240287905064172,0,0.33933617937212,0.00559129435163114,0.0690830654400564,0.0282046240581642,0.0306484909923544,7.76621171137758e-05,0.437128520470976
"TCGA-BR-A44U-01",0.00854568667982299,0,0,0.00678444113004166,0.0335178845519141,0.00699861880542337,0.017370700826709,0.134081536078342,0.000543656462847652,0.792157475464899
"TCGA-BR-A452-01",0.010285894386103,0.141025024552168,0,0.00772542572580504,0.0161462635280698,0.0151178208197025,0.019710440725792,0.0416174599943828,9.83112316641134e-10,0.748371669284865
"TCGA-BR-A453-01",0.0526094169407122,0.00696122212662501,0.0112789040302497,0.00397932372067587,0.0108878909693264,0.0473060343112585,0.0721374639573791,0.187313601482908,6.47816743120449e-08,0.607526077679191
"TCGA-BR-A4CR-01",0.00760536002611092,0,0,0.0176004036164866,0.0116689839233928,0.0290108359648941,0.0312733511472676,0.0284459745985326,6.8858315069739e-10,0.874395090034732
"TCGA-BR-A4CS-01",0.0123328569948629,0,0,0.00777065067512209,0.0577842857343148,0.00889775074072636,0.045224855092961,0.104208183642188,0.000351776131626954,0.763429640988198
"TCGA-BR-A4IU-01",0.0594115784522477,0.0190931728577861,0,0.0625198716399779,0.00995687721377145,0.0666263322183721,0.0597645249636039,0.121834090083461,4.78902313290561e-08,0.600793504680548
"TCGA-BR-A4IV-01",0.056514552605034,0,0,0.0110292440180902,0.0300429252163706,0.0484400277591672,0.0650758707204852,0.582124676199589,0.000300424107716268,0.206472279373547
"TCGA-BR-A4IY-01",0.0652528522385918,0.0220285298873813,0.0420614991619334,0.00430331154457063,0.139626082344067,0.0302041234127407,0.0122204938858509,0.55352288401262,0.000677518548613563,0.130102704963631
"TCGA-BR-A4IZ-01",0.12625612427876,0.00837922055422072,0,0.0119218604339434,0.0434546369729391,0.074957589697431,1.97570473932124e-08,0.735030547080101,1.12455315069224e-09,1.01005349204147e-10
"TCGA-BR-A4J1-01",0.00415986267695536,0.00894677818359922,0.0064617546859649,0.00818308437477811,0.0124528307897112,0.0109268726562764,0.0168979375796211,0.0363949641770968,3.40705582220418e-09,0.895575911468941
"TCGA-BR-A4J2-01",0.0523685315778775,0.0204726047480394,0.032392274554006,0.122701844250071,0.0483268552266636,0.0501471053897458,0.077137637155135,0.27331414731208,1.23478429907873e-08,0.323138987438539
"TCGA-BR-A4J4-01",0.0422809127843106,0.00945293503728623,0.0172205397857425,0.0142069652049717,0.0472306302087447,0.0227563372559866,0.0216884949418497,0.119648565104279,8.17931499657855e-09,0.705514611497514
"TCGA-BR-A4J5-01",0.0471938982715259,0.00489615989821976,0.0177664223424888,0.015757678731032,0.0375119155312545,0.0494866736781356,0.0597150243325134,0.281488856195732,2.76480390298521e-08,0.486183343371059
"TCGA-BR-A4J6-01",0.018071807903403,0.00240906798680498,0.01390294269883,0.014028530593719,0.0374985588734759,0.0133794680041154,0.0258523357245005,0.0477845380031308,0.000574932743068155,0.826497817468952
"TCGA-BR-A4J7-01",0.0524166649236183,0.0858653595853114,0.0116453160317895,0.0129410269389022,0.031896847017926,0.0491995614466281,0.0509451451930645,0.0743467712474049,2.13129809132859e-08,0.630743286302374
"TCGA-BR-A4J8-01",0.021933295289001,0.00235403454568739,0.0087726399448071,0.0146865044293216,0.0322126905179225,0.0247618154188465,0.0638081782760166,0.0753769574176379,0.000959555983532738,0.755134328177227
"TCGA-BR-A4J9-01",0.0237509751556743,0.000616830061036501,0,0.029357196445047,0.00898983536918789,0.0420123122150339,0.0700207353309455,0.0431797675000758,2.11275328020755e-08,0.782072326795466
"TCGA-BR-A4PD-01",0.0442725458350624,0,0.000175282446531308,0.125476449592129,0.0312227817046882,0.0395770177033353,0.0308308850782903,0.0392167136036083,0.000850550933667176,0.688377773102688
"TCGA-BR-A4PE-01",0.0481455151315742,0.00330883399485883,0.0227679609612866,0.0100379915812138,0.0607617901896186,0.0196047400867345,0.017942312471428,0.171658982981259,1.90971046473343e-05,0.645752775497379
"TCGA-BR-A4PF-01",0.0308989833379615,0.0228588414255508,0.0194433178813946,0.0111206978603611,0.0555420053609902,0.0387763683305782,0.0106745165377509,0.051719668994133,1.86438639461397e-08,0.758965581627416
"TCGA-BR-A4QI-01",0.03355857139967,0.0162902771594457,0.0134452514243795,0.00343645396732767,0.0584088771392173,0.0185018481300417,0.0107002414603469,0.0344086836714517,1.06667483065358e-11,0.811249795637453
"TCGA-BR-A4QL-01",0.00456737494408489,0.00480091993258687,0,0.00492392966737697,0.0278817329738073,0.0230108998450766,0.00454748947461062,0.0351550909273514,0.00294191264227388,0.892170649592832
"TCGA-BR-A4QM-01",0.0149419552389049,0.0235487490359589,0,0.059952636426679,0.0370343527040133,0.046034081931408,0.0186409072906993,0.0452166798527963,0.000440604291031046,0.754190033228509
"TCGA-CD-5798-01",0.0708478299143065,0.00633299518529105,0.00772399810010903,0.00328889325228747,0.0497448840287563,0.0419508529409544,0.0409714705977535,0.241840457838342,9.77271693990521e-06,0.53728884542526
"TCGA-CD-5799-01",0.00368634200887897,0,0,0.00358397434141502,0.0498401822627755,0.00547654708680078,0.0183916913988325,0.157864962245403,3.66409114987753e-06,0.761152636564744
"TCGA-CD-5800-01",0.0157280929038314,0.0180327678913247,0,0.00832617350375675,0.0345253632860123,0.0431666614881083,0.0201049666453412,0.0586816740215841,5.32972457212362e-09,0.801434294930317
"TCGA-CD-5801-01",0.0607985682120274,0.0876050298058079,0.013512688194239,0.00778560753966087,0.0465458589241526,0.0283046946719767,0.00620335024986995,0.0263581807320233,0.00285309834870887,0.720032923321533
"TCGA-CD-5803-01",0.140318119974411,0.0738806691334006,0,0.0422696305296382,0.0535429327642931,0.0509303033158017,0.0858975785165663,0.20569277390046,7.94560285648019e-09,0.347467983919826
"TCGA-CD-5804-01",0.0214028852594471,0.0076678260926581,0,0.00820146158090528,0.0650922277693269,0.0260140462851491,0.0455896980550053,0.142747263102808,0.00109014942439004,0.68219444243031
"TCGA-CD-5813-01",0.126927804631247,0.032369975194293,0,0.0364708830760056,0.0266575591948363,0.100213039534873,0.0942156828279307,0.29968440236912,0.000394096438525611,0.283066556733169
"TCGA-CD-8524-01",0.0354963567677192,0.0189378297879848,0.0236104697393472,0.00896072902367766,0.0435666386709618,0.0240845592992954,0.0375106091609202,0.145101200180235,6.11687875582438e-09,0.66273160125298
"TCGA-CD-8525-01",0.0266804934648654,0.027275000970754,0,0.0238941602604838,0.0518461158005194,0.0203298092640802,0.0246205659662283,0.0944269737841262,0.00241931721032524,0.728507563278618
"TCGA-CD-8526-01",0.0439372634889246,0.0124435768450598,0.0281797849444089,0.0232744696798218,0.0472764518134181,0.018060746090847,0.043864138612771,0.0415865316003901,1.20982361185027e-08,0.741377024826123
"TCGA-CD-8527-01",0.00754319141776583,0.0162079526096429,0.00470608475782782,0.0121878523052838,0.0250206630037097,0.0318232699335089,0.0113684983610202,0.0451489497447657,3.14144533195341e-09,0.84599353472503
"TCGA-CD-8528-01",0.0229134673042212,0,0,0.00146165228965792,0.0362458475655702,0.0495891761092463,0.0121807295487056,0.154584323821473,1.25214071962662e-08,0.723024790839718
"TCGA-CD-8529-01",0.086938465735387,0.0183578100852789,0.0436173585611629,0.0514287231016157,0.0535503056678203,0.0841875131350855,0.0746677280455493,0.122151472447021,6.95088728823876e-09,0.465100616270192
"TCGA-CD-8530-01",0.0372046329434848,0.00669027667244718,0,0.0157217176435088,0.0362878783786607,0.0513513849465569,0.107593996854321,0.080712013357735,6.11168927390237e-09,0.664438093091596
"TCGA-CD-8531-01",0.225433055185178,0,0,0.611880299186226,0.05453915992892,0,1.48958062358825e-07,0.108117494076615,1.61971525754906e-07,2.96806934723723e-05
"TCGA-CD-8532-01",0.0747148229002387,0.0239618468786039,0.0373679913573564,0.0702801280683309,0.0368530805012779,0.046945676877249,0.0248378675248412,0.0306438038808703,3.35613958355306e-09,0.654394778655092
"TCGA-CD-8533-01",0.031632547246764,0,0,0.00803338733858911,0.0129436087464643,0.0373824394790294,0.0279829225987212,0.0633497113543541,1.22012143491497e-09,0.818675382015956
"TCGA-CD-8534-01",0.0486583199193229,0.00558242601024572,0,0.018282270609791,0.0169249852229869,0.0429232084472929,0.050049441347293,0.022316507927315,9.7934432852936e-10,0.795262839536408
"TCGA-CD-8535-01",0.0120786453044149,0.00344183351194744,0.0326825237016652,0.00582067047015208,0.0179602333348834,0.0212232715332425,0.0149067246838578,0.136616695438259,1.01649085740237e-07,0.755269300372492
"TCGA-CD-8536-01",0.0342840506529833,0.0235496924170934,0,0.00297960881356372,0.0692052525758798,0.0150197040299585,0.00792239366529031,0.134184974769097,0.00212068510925645,0.710733637966878
"TCGA-CD-A486-01",0.0127944654863028,0.003121745071029,0,0.00993489550438631,0.0718300968514654,0.0185914857778378,0.0179353991750796,0.170602016064505,0.000361941215120777,0.694827954854273
"TCGA-CD-A487-01",0.00814429312345933,0.00240441944029972,0.00819927963550641,0.00645079137569111,0.0484381660386415,0.00148943297227582,0.0272092064845908,0.161949970944742,7.54300477108829e-05,0.735639009937082
"TCGA-CD-A489-01",0.0411036791540459,0.0147674987354993,0,0.0316346730194728,0.0328547975112436,0.0407191751238271,0.0506777874058741,0.0979366709063863,4.46919854327169e-09,0.690305713674452
"TCGA-CD-A48A-01",0.0118969618115606,0.00288144644059136,0.00799029878756199,0.00922205409561167,0.0204888542854395,0.0393119945689473,0.0122069283352343,0.0308654691212098,4.17644206960721e-09,0.865135988377401
"TCGA-CD-A48C-01",0.0252529511143042,0.0119737751001352,0,0.00869510917624788,0.0470157316474321,0.0115842605879438,0.0170973313974643,0.156641452804815,6.53543904982602e-08,0.721739322817267
"TCGA-CD-A4MG-01",0.0291111520769368,0,0,0.0247262253193303,0.0483882561465,0.0329379767390368,0.0229351716948438,0.255739494313521,9.29744914664665e-05,0.586068749218364
"TCGA-CD-A4MH-01",0.0188801642241837,0.0100457717385927,0,0.0141058686312065,0.0999715352468922,0,0.0133408356817166,0.051161987659927,2.30963542429045e-08,0.792493813721127
"TCGA-CD-A4MI-01",0.064808798931075,0.0439270247894178,0,0.0339306534850369,0.0665246419900245,0.051430590094458,0.0256762008276818,0.199998610560387,0.00441451428987743,0.509288965032041
"TCGA-CD-A4MJ-01",0.0129862414901042,0.00216471725069606,0.020913855021817,0.00404906976555946,0.073951991341786,0.0070304139066065,0.0153610737439665,0.236261024107387,0.000873122823848759,0.626408490548229
"TCGA-CG-4301-01",0.0539112276489894,0.000357021188473701,0.02188582417437,0.0149072278277471,0.0473530544283486,0.0529858945359609,0.0317035987709306,0.0740752035601865,5.18194113388719e-10,0.702820947346799
"TCGA-CG-4304-01",0.0403351173192153,0.00727892974554472,0.0348272744903712,0.0276509713352218,0.0564895370365056,0.0648321701352951,0.036795506624601,0.154265949092182,4.04628360326506e-09,0.57752454017478
"TCGA-CG-4305-01",0.0866883426942596,0.0266969285832945,0,0.0188088423340298,0.0681867361469987,0.0743749206544008,0.0199651722159757,0.110496567998606,0.000130658280268008,0.594651831092167
"TCGA-CG-4306-01",0.0450959873658255,0.00818482468479433,0,0.0169134084990969,0.0702791373786132,0.0397076068572697,0.0217967816737863,0.092313760754084,9.19322242868142e-09,0.705708483593308
"TCGA-CG-4436-01",0.0267833031699011,0.00482571685045,0.00628507948605329,0.00597810925510832,0.0718368284418736,0.0185399253068495,0.0128800506744993,0.0134740836917047,1.49342763070321e-10,0.839396902974217
"TCGA-CG-4437-01",0.0584167539705425,0.0212735460825708,0,0.0156650388268912,0.0938210325688478,0.0370836179386013,0.0132189010312971,0.107812868590457,0.00320604470489222,0.6495021962859
"TCGA-CG-4438-01",0.0502679695660498,0.0115802194482035,0.0230458782910176,0.0120701691465955,0.0459527234426535,0.049230945368493,0.0111595535684526,0.0191314788030587,0.00252381505718889,0.775037247308287
"TCGA-CG-4440-01",0.0240116501522024,0.00277329000739823,0,0.00617569387577476,0.0296595513599313,0.0299284512210879,0.0168587393371244,0.0346443780667023,0.00227203348304528,0.853676212496733
"TCGA-CG-4441-01",0.0142955010914769,0.00324246301581381,0,0.010385668888825,0.08248769926029,0.0247166140255545,0.0359670690066832,0.195746274751727,0.000559007099710084,0.63259970285992
"TCGA-CG-4442-01",0.0133894453385315,0,0.0132537841768382,0.0057851399611047,0.045198277519172,0.0117265662757988,0.015058127884117,0.0707082340907896,6.4795210734055e-09,0.824880418274127
"TCGA-CG-4443-01",0.00526204743708325,0,0.0671488003546516,0.00954114567257385,0.0100865423514946,0.0341654486847729,0.0476732632940402,0.0286379892745551,1.40485428236548e-10,0.797484762790343
"TCGA-CG-4444-01",0.0511599610366842,0.00354450335787969,0.0200560351336498,0.019101743359513,0.0264485690775837,0.0513211597023161,0.0336874149224689,0.0368641717643397,2.00252356386045e-09,0.757816439643041
"TCGA-CG-4449-01",0.0612306432013977,0.00101391026885711,0.0265756137023079,0.00768540370958789,0.0529629178460354,0.0630458674823667,0.0544946385955469,0.132199309167022,6.8505896658129e-09,0.600791689176288
"TCGA-CG-4460-01",0.0271525121890505,0.0169638062933791,0.013935971386078,0.0119789180276615,0.0209539639072576,0.0406503747317954,0.025602818684126,0.0227287537617386,2.25519595027732e-10,0.820032880793394
"TCGA-CG-4462-01",0.125220144653427,0.00229779272751645,0.027615412860299,0.0144799564812249,0.067808757212327,0.1188553010684,0.0893284614687506,0.307062122428147,9.47508167941476e-08,0.247331956349092
"TCGA-CG-4465-01",0.0390775383393366,0,0.0155693801020316,0.00257701657459471,0.101999966756227,0.0593610406103578,0.0178012999153713,0.103357271804547,0.00180761453248532,0.658448871365049
"TCGA-CG-4466-01",0.0040080577528431,0,0,0.00544943489363372,0.129901775762003,0,0.0148811269631552,0.0141349888940962,0.00127976342273222,0.830344852311537
"TCGA-CG-4469-01",0.0383105008549339,0,0.0142995393746827,0.00738849298497195,0.0374276556254712,0.0432153621105238,0.0254726749827436,0.0376188740092836,2.77176038259844e-09,0.796266897285629
"TCGA-CG-4472-01",0.136626009412934,0.00842537739582048,0.0168607828748886,0.0200381635904464,0.0323442653647957,0.0934455121799725,0.0299028498164678,0.0637265783969908,2.65325236187596e-10,0.598630460702359
"TCGA-CG-4474-01",0.0509152925018868,0.00769697026497344,0.0296389471041849,0.0276391811513124,0.0710463346129686,0.109593413661599,0.0156410846909526,0.0950895518447755,2.21790591146249e-09,0.592739221949441
"TCGA-CG-4475-01",0.0339673268912716,0,0,0.00396812894874858,0.0919800518959972,0.0299164044379199,0.0592623036341259,0.122186570818115,1.34203769567567e-09,0.658719212031784
"TCGA-CG-4476-01",0.0960191000161882,0.0118030108082266,0.0217562572345404,0.0247144816576541,0.0182479195214553,0.0880202618963746,0.0370125163807255,0.095498257034266,1.17405362316509e-08,0.606928183710033
"TCGA-CG-4477-01",0.0780764328422644,0.0152200606633175,0.054642800174149,0.022485360045507,0.0543525609133925,0.0467728462046897,0.0444815139154481,0.0341141581524295,0.00101872901401154,0.648835538074791
"TCGA-CG-5716-01",0.0410517110904944,0.00735045878339872,0,0.0523047470593199,0.0165003917809745,0.0358825609826665,0.0392286219325334,0.0155190599178568,1.7546964025533e-05,0.79214490148873
"TCGA-CG-5717-01",0.0740270834033543,0.011826431492058,0.0198022189712184,0.0253254664172644,0.0290341874805988,0.0338923282381806,0.0608513537778593,0.0150258060399645,3.20897509064271e-09,0.730215120970527
"TCGA-CG-5718-01",0.0156689191523494,0.00739343014962457,0,0.00460884915752244,0.094887255467484,0.057989325477607,0.0332723037057581,0.0604807427926129,0.00261604611172734,0.723083127985314
"TCGA-CG-5719-01",0.0344426828306166,0.00110575910980494,0.0149114350514394,0.017833740723617,0.0442009226608535,0.0438330839624684,0.0940184919724724,0.334325045085911,0.00144905242289671,0.41387978617992
"TCGA-CG-5720-01",0.0562009540632745,0.00534144844251196,0.0290163117246261,0.0147761881166063,0.0442150172638222,0.0529207050898314,0.0540465834477228,0.0411060948247623,2.09839120939522e-09,0.702376694928451
"TCGA-CG-5721-01",0.108608664593969,0.0589899767071238,0.0319759275086146,0.0414030638017865,0.110630480062276,0.0531733966437649,0.0167164046951516,0.0462095417241379,0.0146555425470992,0.517637001716076
"TCGA-CG-5722-01",0.0983898432564182,0.0386327115101092,0.0280313405025203,0.193117511761319,0.0231973831956215,0.0225062216739716,0.0313271830810248,0.0179876497865335,0.0121515557610544,0.534658599471427
"TCGA-CG-5723-01",0.090067013936748,0.0354398867571296,0,0.0101696497800319,0.1675758384988,0.00905061379011132,0.010272468722675,0.0329508255920207,0.0054964368260156,0.638977266096468
"TCGA-CG-5724-01",0.0510343005761658,0.00580168991823279,0,0.00758499028997183,0.0630443788220465,0.00904336840223699,0.0170493297791119,0.131495790611426,0.000354768052142615,0.714591383548665
"TCGA-CG-5725-01",0.0208849255918418,0.210820872242118,0,0,0.00623591955683543,0.0196143216028889,0.0305570921612779,0.0269887652831327,2.90984039014059e-09,0.684898100652065
"TCGA-CG-5726-01",0.0109265126596439,0,0.00215774594559292,0.00639148151457821,0.0415844822946941,0.0189674411156947,0.0139595964301701,0.0157423394942493,5.07118571343696e-10,0.890270400038258
